4.900000000000000000e+01
1.170000000000000000e+02
5.200000000000000000e+01
1.360000000000000000e+02
5.400000000000000000e+01
1.530000000000000000e+02
6.000000000000000000e+01
1.720000000000000000e+02
6.800000000000000000e+01
1.890000000000000000e+02
8.200000000000000000e+01
2.020000000000000000e+02
9.300000000000000000e+01
2.130000000000000000e+02
1.060000000000000000e+02
2.220000000000000000e+02
1.310000000000000000e+02
2.270000000000000000e+02
1.560000000000000000e+02
2.160000000000000000e+02
1.750000000000000000e+02
2.020000000000000000e+02
1.920000000000000000e+02
1.910000000000000000e+02
2.030000000000000000e+02
1.720000000000000000e+02
2.050000000000000000e+02
1.530000000000000000e+02
2.050000000000000000e+02
1.340000000000000000e+02
2.050000000000000000e+02
1.150000000000000000e+02
2.030000000000000000e+02
9.300000000000000000e+01
5.200000000000000000e+01
9.800000000000000000e+01
5.700000000000000000e+01
9.300000000000000000e+01
6.500000000000000000e+01
9.000000000000000000e+01
7.600000000000000000e+01
9.000000000000000000e+01
8.400000000000000000e+01
9.300000000000000000e+01
1.230000000000000000e+02
8.700000000000000000e+01
1.310000000000000000e+02
8.400000000000000000e+01
1.420000000000000000e+02
7.900000000000000000e+01
1.530000000000000000e+02
8.200000000000000000e+01
1.670000000000000000e+02
8.400000000000000000e+01
1.060000000000000000e+02
1.120000000000000000e+02
1.060000000000000000e+02
1.260000000000000000e+02
1.060000000000000000e+02
1.360000000000000000e+02
1.090000000000000000e+02
1.470000000000000000e+02
1.010000000000000000e+02
1.530000000000000000e+02
1.060000000000000000e+02
1.560000000000000000e+02
1.120000000000000000e+02
1.560000000000000000e+02
1.200000000000000000e+02
1.530000000000000000e+02
1.280000000000000000e+02
1.500000000000000000e+02
6.800000000000000000e+01
1.150000000000000000e+02
7.400000000000000000e+01
1.120000000000000000e+02
8.200000000000000000e+01
1.090000000000000000e+02
9.000000000000000000e+01
1.120000000000000000e+02
8.200000000000000000e+01
1.170000000000000000e+02
7.400000000000000000e+01
1.170000000000000000e+02
1.280000000000000000e+02
1.060000000000000000e+02
1.370000000000000000e+02
1.040000000000000000e+02
1.450000000000000000e+02
1.010000000000000000e+02
1.530000000000000000e+02
1.010000000000000000e+02
1.480000000000000000e+02
1.060000000000000000e+02
1.370000000000000000e+02
1.090000000000000000e+02
9.000000000000000000e+01
1.750000000000000000e+02
9.800000000000000000e+01
1.720000000000000000e+02
1.090000000000000000e+02
1.670000000000000000e+02
1.170000000000000000e+02
1.670000000000000000e+02
1.230000000000000000e+02
1.640000000000000000e+02
1.390000000000000000e+02
1.640000000000000000e+02
1.560000000000000000e+02
1.670000000000000000e+02
1.420000000000000000e+02
1.830000000000000000e+02
1.310000000000000000e+02
1.890000000000000000e+02
1.230000000000000000e+02
1.910000000000000000e+02
1.120000000000000000e+02
1.910000000000000000e+02
1.010000000000000000e+02
1.890000000000000000e+02
9.300000000000000000e+01
1.750000000000000000e+02
1.090000000000000000e+02
1.720000000000000000e+02
1.170000000000000000e+02
1.720000000000000000e+02
1.280000000000000000e+02
1.690000000000000000e+02
1.530000000000000000e+02
1.670000000000000000e+02
1.310000000000000000e+02
1.800000000000000000e+02
1.200000000000000000e+02
1.830000000000000000e+02
1.120000000000000000e+02
1.830000000000000000e+02
