4.800000000000000000e+01
1.060000000000000000e+02
5.300000000000000000e+01
1.270000000000000000e+02
5.600000000000000000e+01
1.420000000000000000e+02
6.100000000000000000e+01
1.600000000000000000e+02
6.900000000000000000e+01
1.750000000000000000e+02
8.200000000000000000e+01
1.910000000000000000e+02
9.400000000000000000e+01
2.060000000000000000e+02
1.120000000000000000e+02
2.160000000000000000e+02
1.350000000000000000e+02
2.210000000000000000e+02
1.560000000000000000e+02
2.090000000000000000e+02
1.660000000000000000e+02
1.980000000000000000e+02
1.710000000000000000e+02
1.880000000000000000e+02
1.790000000000000000e+02
1.730000000000000000e+02
1.860000000000000000e+02
1.570000000000000000e+02
1.890000000000000000e+02
1.420000000000000000e+02
1.910000000000000000e+02
1.240000000000000000e+02
1.910000000000000000e+02
1.060000000000000000e+02
6.900000000000000000e+01
1.060000000000000000e+02
7.900000000000000000e+01
1.040000000000000000e+02
8.900000000000000000e+01
1.040000000000000000e+02
9.900000000000000000e+01
1.040000000000000000e+02
1.100000000000000000e+02
1.060000000000000000e+02
1.450000000000000000e+02
1.040000000000000000e+02
1.530000000000000000e+02
1.010000000000000000e+02
1.630000000000000000e+02
9.900000000000000000e+01
1.730000000000000000e+02
9.900000000000000000e+01
1.810000000000000000e+02
9.900000000000000000e+01
1.300000000000000000e+02
1.240000000000000000e+02
1.300000000000000000e+02
1.370000000000000000e+02
1.330000000000000000e+02
1.520000000000000000e+02
1.330000000000000000e+02
1.630000000000000000e+02
1.200000000000000000e+02
1.650000000000000000e+02
1.250000000000000000e+02
1.680000000000000000e+02
1.330000000000000000e+02
1.700000000000000000e+02
1.380000000000000000e+02
1.680000000000000000e+02
1.430000000000000000e+02
1.650000000000000000e+02
8.400000000000000000e+01
1.220000000000000000e+02
9.200000000000000000e+01
1.190000000000000000e+02
9.900000000000000000e+01
1.170000000000000000e+02
1.070000000000000000e+02
1.190000000000000000e+02
9.900000000000000000e+01
1.240000000000000000e+02
9.200000000000000000e+01
1.240000000000000000e+02
1.450000000000000000e+02
1.170000000000000000e+02
1.560000000000000000e+02
1.140000000000000000e+02
1.630000000000000000e+02
1.140000000000000000e+02
1.710000000000000000e+02
1.170000000000000000e+02
1.630000000000000000e+02
1.190000000000000000e+02
1.560000000000000000e+02
1.220000000000000000e+02
1.050000000000000000e+02
1.880000000000000000e+02
1.170000000000000000e+02
1.860000000000000000e+02
1.280000000000000000e+02
1.830000000000000000e+02
1.330000000000000000e+02
1.860000000000000000e+02
1.380000000000000000e+02
1.830000000000000000e+02
1.480000000000000000e+02
1.860000000000000000e+02
1.560000000000000000e+02
1.860000000000000000e+02
1.480000000000000000e+02
1.930000000000000000e+02
1.430000000000000000e+02
1.960000000000000000e+02
1.350000000000000000e+02
1.980000000000000000e+02
1.250000000000000000e+02
1.980000000000000000e+02
1.170000000000000000e+02
1.930000000000000000e+02
1.070000000000000000e+02
1.860000000000000000e+02
1.250000000000000000e+02
1.880000000000000000e+02
1.330000000000000000e+02
1.880000000000000000e+02
1.400000000000000000e+02
1.880000000000000000e+02
1.530000000000000000e+02
1.830000000000000000e+02
1.400000000000000000e+02
1.880000000000000000e+02
1.330000000000000000e+02
1.910000000000000000e+02
1.250000000000000000e+02
1.880000000000000000e+02
